## First column is number of threads, following are times in milliseconds
## Array size = 16
1 0.535000 0.153000 0.079000 0.105000 0.217000 0.300000 0.385000 0.388000 0.435000 0.392000
2 0.512000 0.390000 0.085000 0.186000 0.188000 0.185000 0.235000 0.287000 0.315000 0.486000
4 0.818000 0.813000 0.756000 0.800000 0.772000 0.849000 0.765000 0.772000 0.762000 0.875000
8 1.563000 1.378000 1.419000 1.578000 1.227000 1.408000 1.385000 1.283000 1.465000 1.426000
16 3.179000 2.472000 2.320000 2.438000 2.621000 2.822000 2.484000 3.161000 2.956000 2.675000
## Array size = 32
1 0.749000 0.702000 0.711000 0.710000 0.671000 0.675000 0.676000 0.681000 0.676000 0.676000
2 0.790000 0.718000 0.200000 0.243000 0.267000 0.582000 0.849000 0.793000 0.748000 0.837000
4 1.079000 1.074000 1.156000 1.031000 1.142000 1.119000 1.081000 1.085000 1.169000 1.193000
8 1.746000 1.919000 1.927000 1.916000 1.902000 1.635000 1.632000 1.893000 1.638000 1.846000
16 3.916000 3.383000 3.316000 3.216000 3.012000 3.263000 2.652000 2.821000 3.228000 2.669000
## Array size = 64
1 1.296000 1.235000 1.310000 1.282000 1.265000 1.332000 1.386000 1.341000 1.279000 1.337000
2 1.306000 0.292000 0.825000 1.548000 1.484000 1.413000 1.330000 1.428000 1.461000 1.441000
4 1.551000 1.698000 1.692000 1.659000 1.710000 1.754000 1.512000 0.460000 0.472000 0.712000
8 1.301000 1.947000 2.451000 1.568000 1.193000 2.576000 2.609000 2.478000 2.644000 2.387000
16 4.116000 4.054000 3.887000 3.640000 3.580000 3.439000 2.497000 1.737000 1.608000 1.624000
## Array size = 128
1 1.926000 2.525000 2.498000 2.458000 2.431000 2.413000 2.436000 2.420000 2.425000 2.438000
2 1.544000 1.989000 2.590000 2.565000 2.576000 2.573000 2.634000 2.655000 2.578000 2.574000
4 2.639000 0.684000 1.682000 2.937000 2.910000 2.938000 2.906000 3.023000 2.907000 2.786000
8 2.732000 1.062000 3.014000 3.805000 3.286000 3.395000 3.500000 3.551000 3.568000 3.398000
16 5.051000 5.723000 5.590000 4.642000 4.366000 4.936000 4.299000 5.041000 4.901000 4.934000
## Array size = 256
1 4.782000 4.099000 4.813000 4.787000 4.820000 4.781000 4.846000 4.782000 4.468000 4.359000
2 3.656000 4.911000 4.963000 4.851000 4.805000 4.905000 4.779000 4.755000 4.817000 4.770000
4 3.188000 4.000000 5.013000 5.039000 5.100000 4.908000 5.092000 4.976000 5.012000 5.008000
8 5.303000 1.731000 3.766000 5.625000 5.928000 5.710000 5.745000 5.647000 5.834000 6.106000
16 7.326000 6.973000 7.448000 7.502000 7.258000 7.040000 7.469000 7.972000 7.384000 7.459000
## Array size = 512
1 9.291000 8.661000 8.740000 9.581000 9.551000 9.473000 9.549000 9.428000 9.581000 9.414000
2 8.244000 9.629000 9.647000 9.604000 9.644000 9.787000 9.458000 9.718000 9.601000 9.668000
4 7.581000 9.765000 9.880000 9.821000 9.627000 9.597000 9.826000 9.756000 9.775000 9.596000
8 4.541000 8.689000 10.696000 10.615000 10.824000 10.694000 11.041000 10.268000 11.276000 10.479000
16 12.229000 13.410000 12.648000 13.752000 13.859000 13.184000 12.630000 14.266000 12.628000 14.074000
## Array size = 1024
1 18.475000 17.574000 18.482000 18.223000 18.607000 18.245000 18.528000 18.437000 18.228000 18.542000
2 17.030000 18.830000 18.467000 18.763000 18.623000 18.783000 18.645000 18.577000 18.727000 18.568000
4 16.001000 19.140000 19.060000 18.974000 19.311000 18.960000 19.268000 19.183000 19.208000 19.143000
8 15.261000 20.477000 19.956000 19.794000 19.811000 19.748000 20.678000 20.069000 19.980000 20.161000
16 13.335000 22.741000 25.179000 24.161000 23.448000 22.742000 24.811000 25.463000 24.690000 20.937000
## Array size = 2048
1 36.493000 36.986000 37.457000 37.682000 37.326000 37.568000 36.690000 38.131000 37.432000 37.962000
2 36.546000 36.596000 37.861000 38.142000 38.376000 36.619000 37.979000 38.327000 38.035000 38.282000
4 34.667000 38.156000 37.721000 38.029000 37.974000 38.401000 37.936000 38.146000 37.990000 38.217000
8 37.503000 38.151000 39.690000 39.120000 39.936000 40.911000 40.293000 39.066000 40.446000 39.320000
16 34.850000 45.523000 44.526000 42.905000 47.366000 43.571000 46.403000 44.866000 47.238000 46.741000
## Array size = 4096
1 74.323000 72.402000 73.721000 73.791000 74.252000 73.612000 73.767000 73.713000 73.397000 72.916000
2 72.519000 73.931000 73.779000 73.360000 74.106000 74.309000 69.926000 73.681000 73.971000 73.989000
4 72.199000 75.087000 73.891000 74.917000 73.840000 74.305000 74.477000 74.156000 74.085000 74.534000
8 70.061000 76.235000 75.942000 78.012000 79.540000 77.332000 76.173000 79.329000 76.897000 76.507000
16 79.517000 89.650000 91.591000 90.817000 89.646000 87.481000 87.355000 90.386000 90.271000 90.178000
## Array size = 8192
1 145.985000 143.657000 148.929000 145.298000 148.020000 145.202000 147.722000 145.153000 146.239000 145.311000
2 146.940000 146.941000 147.874000 147.329000 148.108000 146.833000 148.067000 146.890000 146.593000 146.384000
4 142.981000 147.213000 149.174000 148.850000 159.650000 149.079000 148.838000 149.336000 148.255000 149.956000
8 159.746000 151.509000 158.657000 151.309000 154.842000 151.505000 150.537000 157.862000 154.626000 160.815000
16 163.036000 178.954000 174.579000 178.426000 178.621000 175.760000 180.459000 177.320000 173.400000 173.489000
## Array size = 16384
1 294.920000 296.497000 301.591000 298.993000 295.780000 300.871000 300.963000 297.408000 296.514000 302.197000
2 299.675000 295.477000 297.584000 299.590000 299.896000 301.335000 299.061000 302.279000 295.664000 301.595000
4 297.379000 298.372000 298.444000 298.647000 299.469000 295.392000 300.106000 297.997000 299.560000 298.120000
8 303.000000 314.825000 302.075000 303.569000 299.913000 302.914000 307.349000 304.291000 307.160000 301.660000
16 337.107000 350.619000 351.347000 347.425000 344.907000 351.303000 350.032000 357.396000 350.593000 354.382000
## Array size = 32768
1 581.408000 582.125000 585.044000 582.339000 584.634000 586.095000 586.919000 586.180000 588.969000 583.449000
2 600.587000 591.729000 596.592000 599.443000 600.528000 603.737000 606.936000 598.997000 600.385000 596.483000
4 591.738000 591.967000 596.341000 592.135000 602.107000 596.544000 601.397000 600.205000 603.389000 593.943000
8 622.895000 647.142000 631.684000 603.678000 622.530000 618.607000 621.130000 650.462000 625.825000 597.678000
16 676.895000 710.648000 699.580000 706.306000 710.441000 707.829000 691.882000 695.062000 708.077000 708.120000
## Array size = 65536
1 1177.968000 1166.111000 1159.268000 1169.234000 1159.209000 1171.760000 1165.523000 1173.700000 1180.569000 1192.991000
2 1191.548000 1191.495000 1194.795000 1194.776000 1204.801000 1187.249000 1192.244000 1196.410000 1195.948000 1181.148000
4 1193.998000 1218.259000 1186.298000 1186.204000 1194.676000 1196.426000 1211.584000 1191.137000 1191.613000 1205.204000
8 1227.867000 1260.500000 1227.091000 1282.098000 1251.616000 1251.895000 1266.986000 1266.967000 1316.407000 1257.495000
16 1390.464000 1403.552000 1383.379000 1402.608000 1407.626000 1397.738000 1396.387000 1395.367000 1404.229000 1406.035000
## Array size = 131072
1 2346.114000 2337.863000 2365.121000 2406.269000 2360.506000 2375.655000 2347.141000 2348.900000 2360.187000 2366.297000
2 2540.209000 2348.317000 2355.996000 2366.114000 2346.523000 2350.642000 2345.835000 2376.354000 2339.885000 2338.076000
4 2362.916000 2345.182000 2344.995000 2383.417000 2426.732000 2468.039000 2368.831000 2365.375000 2380.648000 2426.200000
8 2589.522000 2557.202000 2509.948000 2442.636000 2559.405000 2574.208000 2542.557000 2561.024000 2464.881000 2496.680000
16 2772.723000 2780.125000 2818.232000 2766.704000 2786.617000 2815.065000 2796.868000 2810.618000 2779.248000 2816.540000
## Array size = 262144
1 4729.231000 4722.621000 4767.951000 4743.651000 4732.755000 4779.658000 4776.479000 4833.242000 4701.832000 4710.870000
2 4709.891000 4683.073000 4714.071000 4711.430000 4716.389000 4727.571000 4689.891000 4712.315000 4685.848000 4683.306000
4 4744.647000 4866.394000 4754.326000 4813.742000 4699.680000 4749.307000 4741.439000 4741.743000 4745.523000 4935.482000
8 5238.962000 5205.902000 5065.288000 5090.739000 5200.667000 5122.910000 5180.107000 4981.436000 5296.816000 5277.291000
16 5540.881000 5613.190000 5649.273000 5616.134000 5576.675000 5606.886000 5587.157000 5600.903000 5600.169000 5610.869000
## Array size = 524288
1 9361.297000 9390.801000 9368.315000 9483.750000 9409.441000 9448.236000 9484.361000 9371.972000 9344.288000 9427.170000
2 9486.304000 9440.097000 9423.225000 9513.801000 9684.943000 8921.058000 9529.081000 9491.134000 9456.854000 9828.217000
4 9561.446000 9515.065000 9755.575000 9708.026000 9712.393000 9678.388000 9510.174000 9492.943000 9443.370000 9523.526000
8 10306.833000 10155.125000 10360.925000 10388.009000 9943.169000 10436.970000 10701.825000 10359.886000 10310.349000 10247.595000
16 11218.908000 11279.288000 11313.753000 11284.119000 11239.735000 11271.808000 11284.873000 11214.188000 11195.699000 11290.187000
## Array size = 1048576
1 18769.455000 18900.562000 18830.665000 19087.971000 18970.936000 18988.986000 18839.198000 19035.779000 18828.279000 18901.336000
2 19187.945000 18920.381000 19009.092000 19135.490000 18843.103000 19001.636000 18963.981000 19107.469000 18927.096000 18858.679000
4 19355.170000 19342.646000 19621.811000 19257.401000 19249.018000 19139.977000 19770.901000 19232.401000 18928.084000 19030.130000
8 20198.166000 20318.005000 20561.687000 20618.104000 20628.966000 20492.125000 21002.258000 20148.320000 20498.250000 20593.278000
16 22538.857000 22533.672000 22630.160000 22527.312000 22646.288000 22606.431000 22625.053000 22604.030000 22499.172000 22537.613000
