## First column is array size, rest are times in milliseconds --- threads per block: 128
     1024 0.061440 0.036864 0.034688 0.034592 0.027648 0.027648 0.026624 0.026624 0.026624 0.040448
     2048 0.028672 0.028320 0.024576 0.023552 0.023552 0.024544 0.020288 0.020448 0.021280 0.020224
     4096 0.029696 0.021504 0.022528 0.020480 0.020480 0.029600 0.030720 0.022528 0.021504 0.020480
     8192 0.031744 0.031744 0.030720 0.030720 0.032768 0.030720 0.030720 0.029696 0.029696 0.030720
    16384 0.052640 0.037088 0.032352 0.032128 0.032768 0.032448 0.081088 0.033120 0.031456 0.031424
    32768 0.040416 0.031872 0.032448 0.032064 0.034656 0.031648 0.031552 0.031456 0.031584 0.031360
    65536 0.045984 0.049056 0.049568 0.041696 0.069824 0.047680 0.049056 0.048704 0.045184 0.047072
   131072 0.108448 0.094912 0.096160 0.108832 0.107264 0.108224 0.087712 0.107264 0.092864 0.093632
   262144 0.209088 0.206464 0.199904 0.204832 0.209664 0.215104 0.197056 0.201248 0.210336 0.198784
   524288 0.473536 0.472576 0.483648 0.445792 0.461920 0.454400 0.459808 0.461024 0.466272 0.459456
  1048576 0.889344 0.872576 0.878144 0.882528 0.878560 0.871712 0.877120 0.880800 0.888896 0.879040
  2097152 1.726880 1.732160 1.745536 1.725408 1.723520 1.764288 1.740352 1.727968 1.757600 1.730528
  4194304 3.429568 3.416512 3.396800 3.387744 3.424608 3.430368 3.428128 3.410304 3.400992 3.408928
  8388608 6.752512 6.756800 6.751776 6.755744 6.763296 7.293696 6.757664 6.751520 6.760000 6.756480
 16777216 13.438912 13.431104 13.434592 13.435872 13.429184 13.424832 13.439968 13.442432 13.429632 13.440480
 33554432 26.972511 26.931841 26.945791 26.945761 26.915327 26.925407 26.732832 26.805599 26.765696 26.802977
 67108864 54.511806 54.525280 54.476994 54.525440 54.509151 54.497566 54.479935 54.543102 54.500706 54.487328
134217728 113.005699 112.148285 112.246178 112.269951 112.365471 112.499550 112.486816 112.453186 112.392479 112.553566
268435456 274.782837 274.234955 274.222412 274.192902 274.207367 274.238220 274.228180 274.216461 274.188385 274.204010
